51	2
1.	0.
0.9921147013144779	0.12533323356430426
0.9685831611286311	0.2486898871648548
0.9297764858882515	0.3681245526846779
0.8763066800438636	0.4817536741017153
0.8090169943749475	0.5877852522924731
0.7289686274214116	0.6845471059286886
0.6374239897486896	0.7705132427757893
0.5358267949789967	0.8443279255020151
0.4257792915650727	0.9048270524660195
0.30901699437494745	0.9510565162951535
0.1873813145857246	0.9822872507286887
0.06279051952931337	0.9980267284282716
-0.06279051952931337	0.9980267284282716
-0.1873813145857246	0.9822872507286887
-0.30901699437494745	0.9510565162951535
-0.4257792915650727	0.9048270524660195
-0.5358267949789967	0.8443279255020151
-0.6374239897486896	0.7705132427757893
-0.7289686274214116	0.6845471059286886
-0.8090169943749475	0.5877852522924731
-0.8763066800438636	0.4817536741017153
-0.9297764858882515	0.3681245526846779
-0.9685831611286311	0.2486898871648548
-0.9921147013144779	0.12533323356430426
-1.	0.
-0.9921147013144779	-0.12533323356430426
-0.9685831611286311	-0.2486898871648548
-0.9297764858882515	-0.3681245526846779
-0.8763066800438636	-0.4817536741017153
-0.8090169943749475	-0.5877852522924731
-0.7289686274214116	-0.6845471059286886
-0.6374239897486896	-0.7705132427757893
-0.5358267949789967	-0.8443279255020151
-0.4257792915650727	-0.9048270524660195
-0.30901699437494745	-0.9510565162951535
-0.1873813145857246	-0.9822872507286887
-0.06279051952931337	-0.9980267284282716
0.06279051952931337	-0.9980267284282716
0.1873813145857246	-0.9822872507286887
0.30901699437494745	-0.9510565162951535
0.4257792915650727	-0.9048270524660195
0.5358267949789967	-0.8443279255020151
0.6374239897486896	-0.7705132427757893
0.7289686274214116	-0.6845471059286886
0.8090169943749475	-0.5877852522924731
0.8763066800438636	-0.4817536741017153
0.9297764858882515	-0.3681245526846779
0.9685831611286311	-0.2486898871648548
0.9921147013144779	-0.12533323356430426
0.	0.
51	2
1.	0.
-0.7289686274214116	0.6845471059286886
0.06279051952931337	-0.9980267284282716
0.6374239897486896	0.7705132427757893
-0.9921147013144779	-0.12533323356430426
0.8090169943749475	-0.5877852522924731
-0.1873813145857246	0.9822872507286887
-0.5358267949789967	-0.8443279255020151
0.9685831611286311	0.2486898871648548
-0.8763066800438636	0.4817536741017153
0.30901699437494745	-0.9510565162951535
0.4257792915650727	0.9048270524660195
-0.9297764858882515	-0.3681245526846779
0.9297764858882515	-0.3681245526846779
-0.4257792915650727	0.9048270524660195
-0.30901699437494745	-0.9510565162951535
0.8763066800438636	0.4817536741017153
-0.9685831611286311	0.2486898871648548
0.5358267949789967	-0.8443279255020151
0.1873813145857246	0.9822872507286887
-0.8090169943749475	-0.5877852522924731
0.9921147013144779	-0.12533323356430426
-0.6374239897486896	0.7705132427757893
-0.06279051952931337	-0.9980267284282716
0.7289686274214116	0.6845471059286886
-1.	0.
0.7289686274214116	-0.6845471059286886
-0.06279051952931337	0.9980267284282716
-0.6374239897486896	-0.7705132427757893
0.9921147013144779	0.12533323356430426
-0.8090169943749475	0.5877852522924731
0.1873813145857246	-0.9822872507286887
0.5358267949789967	0.8443279255020151
-0.9685831611286311	-0.2486898871648548
0.8763066800438636	-0.4817536741017153
-0.30901699437494745	0.9510565162951535
-0.4257792915650727	-0.9048270524660195
0.9297764858882515	0.3681245526846779
-0.9297764858882515	0.3681245526846779
0.4257792915650727	-0.9048270524660195
0.30901699437494745	0.9510565162951535
-0.8763066800438636	-0.4817536741017153
0.9685831611286311	-0.2486898871648548
-0.5358267949789967	0.8443279255020151
-0.1873813145857246	-0.9822872507286887
0.8090169943749475	0.5877852522924731
-0.9921147013144779	0.12533323356430426
0.6374239897486896	-0.7705132427757893
0.06279051952931337	0.9980267284282716
-0.7289686274214116	-0.6845471059286886
0.	0.
50	3
50	0	1
50	1	2
50	2	3
50	3	4
50	4	5
50	5	6
50	6	7
50	7	8
50	8	9
50	9	10
50	10	11
50	11	12
50	12	13
50	13	14
50	14	15
50	15	16
50	16	17
50	17	18
50	18	19
50	19	20
50	20	21
50	21	22
50	22	23
50	23	24
50	24	25
50	25	26
50	26	27
50	27	28
50	28	29
50	29	30
50	30	31
50	31	32
50	32	33
50	33	34
50	34	35
50	35	36
50	36	37
50	37	38
50	38	39
50	39	40
50	40	41
50	41	42
50	42	43
50	43	44
50	44	45
50	45	46
50	46	47
50	47	48
50	48	49
50	49	0
2
0
50